13 -14 3 0.25
13 -18 1 0.25
20 -4 2 0.25
20 -11 2 0.5
20 -4 2 0.25
18 -13 1 0.25
11 -20 1 0.5
11 -13 1 0.25
11 -16 2 0.5
11 -20 1 0.5
13 -20 1 0.25
13 -18 1 0.25
13 -14 3 0.25
18 -14 3 0.25
18 -9 2 0.25
11 -13 1 0.25
13 -11 2 0.5
18 -9 2 0.5
11 -16 2 0.5
15 -16 2 0.5
13 -11 2 0.5
13 -11 2 0.5
11 -20 1 0.5
15 -20 1 0.25
15 -20 1 0.5
15 -9 2 0.25
15 -9 2 0.5
8 -16 2 0.5
25 -6 1 0.25
15 -9 2 0.25
15 -16 2 0.25
15 -13 1 0.5
15 -16 2 0.25
15 -16 2 0.25
15 -16 2 0.5
15 -13 1 0.5
8 -20 1 0.25
15 -20 1 0.25
15 -13 1 0.5
8 -16 2 0.25
23 -1 1 0.5
23 -4 2 0.25
18 -6 1 0.25
20 -4 2 0.25
20 -11 2 0.25
25 -2 3 0.5
18 -13 1 0.5
18 -6 1 0.5
13 -18 1 0.25
11 -16 2 0.5
15 -13 1 0.25
13 -11 2 0.5
13 -11 2 0.25
13 -11 2 0.25
13 -14 3 0.25
13 -14 3 0.5
8 -20 1 0.5
13 -11 2 0.5
18 -11 2 0.25
11 -11 2 0.5
18 -11 2 0.25
13 -11 2 0.5
8 -11 2 0.25
8 -11 2 0.5
8 -20 1 0.5
8 -23 2 0.5
18 -23 2 0.25
8 -20 1 0.5
8 -20 1 0.25
15 -16 2 0.25
15 -16 2 0.5
15 -13 1 0.25
15 -16 2 0.5
15 -9 2 0.25
13 -11 2 0.25
13 -14 3 0.25
13 -14 3 0.5
13 -11 2 0.5
20 -11 2 0.5
11 -16 2 0.25
15 -13 1 0.25
15 -13 1 0.25
15 -9 2 0.25
23 -8 1 0.5
23 -8 1 0.5
25 -6 1 0.5
13 -18 1 0.25
18 -18 1 0.25
20 -11 2 0.25
20 -8 1 0.25
20 -8 1 0.25
8 -16 2 0.25
8 -16 2 0.25
8 -23 2 0.5
15 -9 2 0.5
15 -9 2 0.5
18 -13 1 0.5
15 -9 2 0.5
18 -9 2 0.5
8 -23 2 0.5
8 -23 2 0.25
18 -9 2 0.5
18 -6 1 0.5
18 -13 1 0.25
20 -8 1 0.5
20 -4 2 0.5
20 -4 2 0.25
20 -4 2 0.5
11 -16 2 0.25
13 -16 2 0.25
13 -14 3 0.5
15 -14 3 0.25
8 -20 1 0.25
20 -11 2 0.25
11 -16 2 0.5
25 1 2 0.5
18 1 2 0.5
8 -23 2 0.5
8 -20 1 0.5
8 -23 2 0.25
8 -16 2 0.25
8 -20 1 0.25
11 -13 1 0.5
13 -14 3 0.5
13 -14 3 0.25
11 -14 3 0.5
8 -14 3 0.25
15 -9 2 0.25
23 -8 1 0.25
15 -9 2 0.5
15 -13 1 0.5
8 -20 1 0.5
11 -20 1 0.25
8 -23 2 0.5
8 -16 2 0.5
11 -16 2 0.5
11 -16 2 0.25
11 -20 1 0.25
11 -20 1 0.5
13 -14 3 0.5
13 -18 1 0.5
15 -9 2 0.5
8 -23 2 0.5
15 -16 2 0.25
18 -13 1 0.25
11 -13 1 0.25
15 -13 1 0.5
15 -9 2 0.25
15 -9 2 0.5
13 -9 2 0.25
18 -9 2 0.5
8 -16 2 0.25
15 -16 2 0.25
15 -13 1 0.5
8 -20 1 0.25
8 -20 1 0.5
8 -16 2 0.25
8 -16 2 0.25
15 -9 2 0.25
23 -4 2 0.25
23 -4 2 0.25
23 -4 2 0.25
13 -14 3 0.5
11 -14 3 0.25
20 -8 1 0.5
18 -8 1 0.25
15 -8 1 0.25
13 -8 1 0.5
8 -16 2 0.25
8 -23 2 0.5
15 -9 2 0.5
15 -16 2 0.25
15 -13 1 0.5
15 -9 2 0.25
15 -13 1 0.5
18 -6 1 0.25
18 -6 1 0.5
15 -13 1 0.5
8 -23 2 0.5
18 -6 1 0.25
18 -6 1 0.25
15 -16 2 0.25
15 -16 2 0.25
11 -16 2 0.25
15 -16 2 0.25
8 -20 1 0.25
8 -16 2 0.25
8 -23 2 0.5
8 -23 2 0.25
20 -11 2 0.25
11 -20 1 0.25
11 -13 1 0.25
15 -13 1 0.5
15 -13 1 0.5
15 -13 1 0.25
15 -13 1 0.5
15 -13 1 0.5
15 -16 2 0.25
15 -16 2 0.25
8 -16 2 0.5
18 -9 2 0.5
15 -9 2 0.25
11 -9 2 0.5
13 -14 3 0.25
13 -11 2 0.25
20 -8 1 0.25
20 -8 1 0.25
11 -8 1 0.25
15 -8 1 0.25
25 -6 1 0.25
13 -6 1 0.5
13 -6 1 0.5
18 -6 1 0.5
11 -6 1 0.25
18 -13 1 0.5
18 -9 2 0.25
18 -6 1 0.5
8 -6 1 0.5
15 -9 2 0.5
13 -9 2 0.5
15 -16 2 0.5
15 -13 1 0.5
15 -9 2 0.25
15 -13 1 0.5
11 -20 1 0.25
11 -20 1 0.5
11 -20 1 0.25
15 -20 1 0.25
13 -20 1 0.25
18 -20 1 0.5
18 -13 1 0.5
18 -9 2 0.5
13 -9 2 0.25
11 -13 1 0.5
11 -20 1 0.5
13 -14 3 0.5
13 -18 1 0.5
13 -18 1 0.25
11 -13 1 0.25
13 -13 1 0.25
8 -13 1 0.5
11 -16 2 0.5
20 -4 2 0.5
20 -4 2 0.5
20 -4 2 0.5
20 -4 2 0.5
20 -11 2 0.25
20 -11 2 0.5
23 -11 2 0.25
23 -8 1 0.25
15 -9 2 0.5
15 -13 1 0.25
11 -13 1 0.5
11 -20 1 0.25
18 -20 1 0.5
18 -6 1 0.5
13 -14 3 0.25
13 -18 1 0.5
20 -4 2 0.25
20 -11 2 0.5
20 -4 2 0.5
18 -13 1 0.25
11 -20 1 0.5
11 -13 1 0.5
11 -16 2 0.5
11 -20 1 0.5
13 -20 1 0.5
13 -18 1 0.5
13 -14 3 0.5
18 -14 3 0.25
18 -9 2 0.25
11 -13 1 0.25
13 -11 2 0.25
18 -9 2 0.5
11 -16 2 0.5
15 -16 2 0.5
13 -11 2 0.25
13 -11 2 0.25
11 -20 1 0.5
15 -20 1 0.25
15 -20 1 0.5
15 -9 2 0.5
15 -9 2 0.5
8 -16 2 0.25
25 -6 1 0.5
15 -9 2 0.5
15 -16 2 0.25
15 -13 1 0.5
15 -16 2 0.25
15 -16 2 0.25
15 -16 2 0.5
15 -13 1 0.25
8 -20 1 0.25
15 -20 1 0.5
15 -13 1 0.25
8 -16 2 0.5
23 -1 1 0.5
23 -4 2 0.5
18 -6 1 0.5
20 -4 2 0.5
20 -11 2 0.25
25 -2 3 0.5
18 -13 1 0.25
18 -6 1 0.5
13 -18 1 0.25
11 -16 2 0.25
15 -13 1 0.5
13 -11 2 0.5
13 -11 2 0.5
13 -11 2 0.5
13 -14 3 0.5
13 -14 3 0.5
8 -20 1 0.25
13 -11 2 0.5
18 -11 2 0.25
11 -11 2 0.25
